batchsize: 40
hidden_size: 128
learning_rate: 2.4215718661128177e-05
num_layers: 2
weight_decay: 0.0002955667311593414
weight_initializer: xavier
window_size: 672
