batchsize: 104
hidden_size: 128
learning_rate: 0.0005651945127369173
num_layers: 6
weight_decay: 1.3545517732815044e-05
weight_initializer: kaiming
window_size: 672
