batchsize: 40
hidden_size: 64
learning_rate: 0.00029681773620150454
num_layers: 4
weight_decay: 6.827160947550073e-05
weight_initializer: kaiming
window_size: 672
