batchsize: 48
hidden_size: 128
learning_rate: 1.9844344134993534e-05
num_layers: 2
weight_decay: 0.00013576264562774435
weight_initializer: xavier
window_size: 672
