batchsize: 60
hidden_size: 32
learning_rate: 0.0004421658128462859
num_layers: 1
weight_decay: 0.0002617564124788169
weight_intiliazier: xavier
window_size: 672
