batchsize: 56
hidden_size: 128
learning_rate: 0.00027287773712637744
num_layers: 1
weight_decay: 0.0008340641627626419
weight_initializer: xavier
window_size: 672
