batchsize: 12
hidden_size: 128
learning_rate: 2.3052062385993536e-05
num_layers: 2
weight_decay: 7.825837994564173e-05
weight_intiliazier: kaiming
window_size: 672
