batchsize: 60
hidden_size: 128
learning_rate: 0.0004259609938671016
num_layers: 2
weight_decay: 1.0228578929546415e-05
weight_initializer: kaiming
window_size: 672
