batchsize: 60
hidden_size: 128
learning_rate: 2.4461827552541222e-05
num_layers: 2
weight_decay: 2.397363964926775e-05
weight_intiliazier: kaiming
window_size: 672
