hidden_size: 256
num_layers: 4
batchsize: 60
learning_rate: 0.0004259609938671016
weight_decay: 1.0228578929546415e-05
weight_initializer: kaiming
window_size: 672

