batchsize: 6
hidden_size: 128
learning_rate: 6.151118939278042e-05
num_layers: 1
weight_decay: 2.1253323605438864e-05
weight_intiliazier: xavier
window_size: 672
