batchsize: 12
hidden_size: 32
learning_rate: 0.0007976957029320101
num_layers: 4
weight_decay: 4.8581492779702156e-05
weight_intiliazier: kaiming
window_size: 672
