batchsize: 24
dropout: 0.32255119396492904
hidden_dim: 16
learning_rate: 0.0006696609986989522
num_heads: 4
num_layers: 3
weight_decay: 3.709858446058791e-05
weight_intiliazier: normal
window_size: 672
